id,pdb1l2j.pdb,pdb1nde.pdb,pdb1qkm.pdb,pdb1u3q.pdb,pdb1u3r.pdb,pdb1u3s.pdb,pdb1u9e.pdb,pdb1x76.pdb,pdb1x78.pdb,pdb1x7b.pdb,pdb1x7j.pdb,pdb1yy4.pdb,pdb1yye.pdb,pdb1zaf.pdb,pdb2fsz.pdb,pdb2giu.pdb,pdb2i0g.pdb,pdb2jj3.pdb,pdb2nv7.pdb,pdb2qtu.pdb,pdb2yjd.pdb,pdb2yly.pdb,pdb2z4b.pdb,pdb3oll.pdb,pdb3ols.pdb,pdb3omo.pdb,pdb3omp.pdb,pdb3omq.pdb,pdb4j24.pdb,pdb4j26.pdb,pdb4zi1.pdb,pdb5toa.pdb,pdb7xvy.pdb,pdb7xvz.pdb,pdb7xwp.pdb,pdb7xwq.pdb,pdb7xwr.pdb
pdb1l2j.pdb,0.000000,2.146770,,,1.862420,1.489207,,1.561729,1.892756,1.854576,1.504606,1.557358,1.851519,1.882501,,,,,1.844782,,1.501752,,,1.790668,1.571522,1.574381,1.580937,1.572886,1.652674,1.575521,1.725450,,,,,,
pdb1nde.pdb,2.146770,0.000000,,,3.969101,2.802345,,2.813542,3.848731,3.862054,2.847848,2.804653,3.798291,3.982277,,,,,3.815701,,2.789674,,,3.277128,2.901171,2.926988,2.936396,2.938612,3.493247,3.420761,3.515357,,,,,,
pdb1qkm.pdb,,,0.000000,,,,,,,,,,,,,,,,,,,,,,,,,,,,,,,,,,
pdb1u3q.pdb,,,,0.000000,,,0.547962,,,,,,,,4.274875,,1.615559,1.656990,,1.549827,,2.455612,1.611718,,,,,,,,,1.286079,0.549726,0.517684,0.544818,0.588723,0.537551
pdb1u3r.pdb,1.862420,3.969101,,,0.000000,0.176527,,0.294548,0.347066,0.265480,0.230798,0.309529,0.294150,0.508462,,,,,0.293753,,0.733554,,,1.121609,0.816885,0.816337,0.824297,0.831986,0.853267,0.723194,0.979776,,,,,,
pdb1u3s.pdb,1.489207,2.802345,,,0.176527,0.000000,,0.329017,0.335299,0.290757,0.276652,0.322681,0.306169,0.486355,,,,,0.285820,,0.710517,,,1.123020,0.830438,0.826691,0.834912,0.841563,0.795049,0.727049,0.705650,,,,,,
pdb1u9e.pdb,,,,0.547962,,,0.000000,,,,,,,,4.416033,,1.579323,1.672369,,1.588647,,2.432068,1.640219,,,,,,,,,1.555249,0.438041,0.409063,0.605146,0.600933,0.567958
pdb1x76.pdb,1.561729,2.813542,,,0.294548,0.329017,,0.000000,0.155104,0.248253,0.265662,0.201375,0.268456,0.429271,,,,,0.294115,,0.710019,,,1.067991,0.784526,0.783574,0.787030,0.793954,0.785966,0.722987,0.687404,,,,,,
pdb1x78.pdb,1.892756,3.848731,,,0.347066,0.335299,,0.155104,0.000000,0.264035,0.284054,0.184147,0.274990,0.444836,,,,,0.305139,,0.735954,,,1.124836,0.820992,0.815186,0.823700,0.830745,0.876949,0.769689,1.011413,,,,,,
pdb1x7b.pdb,1.854576,3.862054,,,0.265480,0.290757,,0.248253,0.264035,0.000000,0.147889,0.279518,0.159868,0.473986,,,,,0.211984,,0.716758,,,1.100684,0.793727,0.792497,0.799686,0.806305,0.844313,0.725403,0.973553,,,,,,
pdb1x7j.pdb,1.504606,2.847848,,,0.230798,0.276652,,0.265662,0.284054,0.147889,0.000000,0.289351,0.141570,0.479359,,,,,0.178784,,0.730643,,,1.076474,0.805733,0.807683,0.811395,0.815680,0.794350,0.719814,0.691095,,,,,,
pdb1yy4.pdb,1.557358,2.804653,,,0.309529,0.322681,,0.201375,0.184147,0.279518,0.289351,0.000000,0.284672,0.445929,,,,,0.319333,,0.745590,,,1.131985,0.821539,0.817420,0.826422,0.834846,0.835373,0.760713,0.728265,,,,,,
pdb1yye.pdb,1.851519,3.798291,,,0.294150,0.306169,,0.268456,0.274990,0.159868,0.141570,0.284672,0.000000,0.482113,,,,,0.154642,,0.750283,,,1.114013,0.815160,0.814404,0.821064,0.827115,0.875114,0.750432,0.990371,,,,,,
pdb1zaf.pdb,1.882501,3.982277,,,0.508462,0.486355,,0.429271,0.444836,0.473986,0.479359,0.445929,0.482113,0.000000,,,,,0.490950,,0.785211,,,1.043841,0.740589,0.733698,0.738836,0.744282,0.805286,0.699139,0.943186,,,,,,
pdb2fsz.pdb,,,,4.274875,,,4.416033,,,,,,,,0.000000,,3.762449,3.939759,,3.669038,,3.484747,3.851936,,,,,,,,,4.365748,4.253868,4.211777,4.449502,4.419662,4.399732
pdb2giu.pdb,,,,,,,,,,,,,,,,0.000000,,,,,,,,,,,,,,,,,,,,,
pdb2i0g.pdb,,,,1.615559,,,1.579323,,,,,,,,3.762449,,0.000000,0.140204,,0.145321,,1.251239,0.131844,,,,,,,,,1.273613,1.539501,1.542456,1.699616,1.702991,1.697518
pdb2jj3.pdb,,,,1.656990,,,1.672369,,,,,,,,3.939759,,0.140204,0.000000,,0.086337,,1.458881,0.075284,,,,,,,,,1.427495,1.556282,1.567492,1.693492,1.701636,1.696207
pdb2nv7.pdb,1.844782,3.815701,,,0.293753,0.285820,,0.294115,0.305139,0.211984,0.178784,0.319333,0.154642,0.490950,,,,,0.000000,,0.719250,,,1.092308,0.815283,0.812213,0.816919,0.820757,0.864054,0.755219,1.000048,,,,,,
pdb2qtu.pdb,,,,1.549827,,,1.588647,,,,,,,,3.669038,,0.145321,0.086337,,0.000000,,1.207847,0.080317,,,,,,,,,1.340353,1.497404,1.486328,1.638572,1.645981,1.633242
pdb2yjd.pdb,1.501752,2.789674,,,0.733554,0.710517,,0.710019,0.735954,0.716758,0.730643,0.745590,0.750283,0.785211,,,,,0.719250,,0.000000,,,0.838820,0.597697,0.603265,0.595410,0.599067,0.622047,0.667234,0.636086,,,,,,
pdb2yly.pdb,,,,2.455612,,,2.432068,,,,,,,,3.484747,,1.251239,1.458881,,1.207847,,0.000000,1.270332,,,,,,,,,2.114202,2.342580,2.355576,2.494617,2.473942,2.512438
pdb2z4b.pdb,,,,1.611718,,,1.640219,,,,,,,,3.851936,,0.131844,0.075284,,0.080317,,1.270332,0.000000,,,,,,,,,1.390458,1.533655,1.535076,1.672939,1.682880,1.670581
pdb3oll.pdb,1.790668,3.277128,,,1.121609,1.123020,,1.067991,1.124836,1.100684,1.076474,1.131985,1.114013,1.043841,,,,,1.092308,,0.838820,,,0.000000,0.620387,0.687004,0.631516,0.595660,0.574372,0.694771,0.875310,,,,,,
pdb3ols.pdb,1.571522,2.901171,,,0.816885,0.830438,,0.784526,0.820992,0.793727,0.805733,0.821539,0.815160,0.740589,,,,,0.815283,,0.597697,,,0.620387,0.000000,0.141172,0.114891,0.133739,0.402353,0.397393,0.427632,,,,,,
pdb3omo.pdb,1.574381,2.926988,,,0.816337,0.826691,,0.783574,0.815186,0.792497,0.807683,0.817420,0.814404,0.733698,,,,,0.812213,,0.603265,,,0.687004,0.141172,0.000000,0.089743,0.121163,0.442477,0.410965,0.449516,,,,,,
pdb3omp.pdb,1.580937,2.936396,,,0.824297,0.834912,,0.787030,0.823700,0.799686,0.811395,0.826422,0.821064,0.738836,,,,,0.816919,,0.595410,,,0.631516,0.114891,0.089743,0.000000,0.080538,0.410826,0.402591,0.448614,,,,,,
pdb3omq.pdb,1.572886,2.938612,,,0.831986,0.841563,,0.793954,0.830745,0.806305,0.815680,0.834846,0.827115,0.744282,,,,,0.820757,,0.599067,,,0.595660,0.133739,0.121163,0.080538,0.000000,0.391274,0.408976,0.453471,,,,,,
pdb4j24.pdb,1.652674,3.493247,,,0.853267,0.795049,,0.785966,0.876949,0.844313,0.794350,0.835373,0.875114,0.805286,,,,,0.864054,,0.622047,,,0.574372,0.402353,0.442477,0.410826,0.391274,0.000000,0.488270,0.575380,,,,,,
pdb4j26.pdb,1.575521,3.420761,,,0.723194,0.727049,,0.722987,0.769689,0.725403,0.719814,0.760713,0.750432,0.699139,,,,,0.755219,,0.667234,,,0.694771,0.397393,0.410965,0.402591,0.408976,0.488270,0.000000,0.550048,,,,,,
pdb4zi1.pdb,1.725450,3.515357,,,0.979776,0.705650,,0.687404,1.011413,0.973553,0.691095,0.728265,0.990371,0.943186,,,,,1.000048,,0.636086,,,0.875310,0.427632,0.449516,0.448614,0.453471,0.575380,0.550048,0.000000,,,,,,
pdb5toa.pdb,,,,1.286079,,,1.555249,,,,,,,,4.365748,,1.273613,1.427495,,1.340353,,2.114202,1.390458,,,,,,,,,0.000000,1.208254,1.191326,1.357432,1.354695,1.370246
pdb7xvy.pdb,,,,0.549726,,,0.438041,,,,,,,,4.253868,,1.539501,1.556282,,1.497404,,2.342580,1.533655,,,,,,,,,1.208254,0.000000,0.233199,0.141037,0.219982,0.199825
pdb7xvz.pdb,,,,0.517684,,,0.409063,,,,,,,,4.211777,,1.542456,1.567492,,1.486328,,2.355576,1.535076,,,,,,,,,1.191326,0.233199,0.000000,0.230529,0.297617,0.201385
pdb7xwp.pdb,,,,0.544818,,,0.605146,,,,,,,,4.449502,,1.699616,1.693492,,1.638572,,2.494617,1.672939,,,,,,,,,1.357432,0.141037,0.230529,0.000000,0.164432,0.198292
pdb7xwq.pdb,,,,0.588723,,,0.600933,,,,,,,,4.419662,,1.702991,1.701636,,1.645981,,2.473942,1.682880,,,,,,,,,1.354695,0.219982,0.297617,0.164432,0.000000,0.283306
pdb7xwr.pdb,,,,0.537551,,,0.567958,,,,,,,,4.399732,,1.697518,1.696207,,1.633242,,2.512438,1.670581,,,,,,,,,1.370246,0.199825,0.201385,0.198292,0.283306,0.000000
